1. 1590 to binary = 0b011000110110
2048 1024 512 256 128 64 32 16 8 4 2 1
   0    1   1   0   0  0  1  1 0 1 1 0
   
2. 0b101110110 to decimal = 374
2048 1024 512 256 128 64 32 16 8 4 2 1
                1   0  1  1  1 0 1 1 0
				
3. 0b 1100 0000 0001 1010 0001 0101 1011 1010 1101 to hexadecimal = 0xC01A15BAD
         C    0    1    A    1    5    B    A    D

4. 0b 100 001 101 101 to octal = 0o4155
        4   1   5   5 
		
5. 0o   3   1   3   3   7 to binary = 0b011001011011111
      011 001 011 011 111
	  
6. 0x    B    A    D    F    0    0    D to binary = 0b1011101011011111000000001101
      1011 1010 1101 1111 0000 0000 1101
   0b 001 011 101 011 011 111 000 000 001 101 to octal =  0o1353370015
        1   3   5   3   3   7   0   0   1   5
		
7. 0o   6   1   5   7 to binary = 0b110001101111 
      110 001 101 111
	
8. 497 to binary = 0b111110001 
256 128 64 32 16 8 4 2 1
  1   1  1  1  1 0 0 0 1

  -497 to binary = 0b1000001111
 0111110001
 1000001111 
  
9. 900.79 to binary
512 256 128 64 32 16 8 4 2 1 0.5 0.25 0.0625
  1   1   1  0  0  0 0 1 0 0   1    1      0
  
10. Count from 0 through 10 in ternary(base 3)
    Decimal         Ternary          Binary
	      1               1               1
		  2               2              10
		  3              10              11
		  4              11             100 
		  5              12             101
		  6              20             110
		  7              21             111
		  8              22            1000
		  9              30            1001
		 10              31            1010